1094200325571
8622484066515
2327411100003
21966253350846
25191944888630
8705138286011
10882812413181
624208819047
3562028311293
9621006851967
9128499166604
8322144153647
20333584322480
9381952606887
12715960551625
15318783716
28518723393454
2629700019055
17939511849005
5710275733356
18266260665379
2816756836411
36397725094719
4925169927864
4349331484982
4941099453303
28517895880916
7445373729355
537573575202
26799265442010
2517596371152
20693933322457
2915869421221
9087471131604
25602645457645
9910710574517
26447054206258
9275776343416
34146270244033
6064974344529
2022596706795
6458979994071
18598227973959
7348057591265
17163740835547
11630908660066
67933458203
16078204463810
1030476324373
2188475554622
13166054256382
2247411525817
2454556898108
18362910358685
1979777224140
9913275573482
545683271690
22136792013210
1794506287151
27933829064736
3734020852590
5749275481836
23054503025089
507591067102
32021103327761
4746616547774
23682209368090
34758792333056
3082926111623
13536357250495
318385529222
4405551307215
9137785385291
17008748770804
12089337908820
5831114516749
8482213612982
18622707748431
17528260261904
11161295195842
3230710028730
26343515906
30616677220475
20515771224687
394772666231
25543206510313
8468268014449
18835075737451
10380112366898
1359330187582
10128414159543
998563807640
17026065307445
18114549883093
9298199537227
3530419157783
9735975116990
14382486913161
11443418730028
11626295972542
23213721782441
16674108327538
4854976123206
4460475941357
1384309418616
1679511530021
4916222386171
10642783447642
17717647252413
3991936317757
23385109222065
2780631378933
17457772813024
4270938842958
14721072201143
9152816439792
26911262197399
20201326746122
9751782412992
3336525563000
772420238284
27436871767328
19058805430996
8814218847541
1920237173043
20749908945350
11876328139182
10375275275166
34714015801022
6774021191804
26779167580573
13787824901760
18159233638527
1297644017113
22325999375806
14718835020948
15757043703594
18346039165776
8124704526421
12637403558807
11724289438891
17166355692388
1465074461692
91403816647
16180369591371
33912003479174
17024063417249
2366100636901
23351017876214
29012768392814
4458953426223
2557210660270
2029224810108
24008236603011
114315392550
14659999192903
12703826769278
2170248861879
4105043598787
9789645515426
7183505648644
14607373760393
13834074876327
14146478681657
3763357696987
22096434224513
4706965702982
29053680678277
26812752194866
1003461973221
363975630491
26843622710364
1632278013442
1319380366796
33201684619609
27038656202033
15347833263307
7507310303991
25462296655769
10187978744570
19468340495649
11015599710145
1019760182482
17448990045682
3233796469401
8537239417842
12155407835986
20843002802185
564221514046
14257593948132
20802936713000
9089970077041
13648428342963
3848849768036
454927137440
36410401011805
39148575880189
36402099787132
19109573382099
10978295311416
28691565841800
14386519739149
2744243972121
6955636886014
27845606854950
776195304301
21470245122591
8579158832760
5752247960324
23915459419405
6068848517676
3322828930852
8608655996889
6792568526199
12140236938930
1738639238521
20175493482477
15408874137389
1573165210312
3707446441932
18873976696321
28103425654020
14946282054182
272405019909
32124829985503
7649332848145
3898909040212
20712956025902
35012592167687
31340128313960
321723173391
16985207767230
20119216761814
11928389248642
8505586179009
40702002346799
513713700316
12281109364045
649610422701
5634712520828
14168360691051
15558665219489
11868952343254
1725039374712
32762376381728
26880395143981
22172283005137
14672189041263
10721287423887
2356649686362
13044748595838
3881309534402
14011688264174
3634167753910
716111912718
30772777285178
1306679679051
6899363396312
1866238264079
8427699574029
13005650768601
35950933073827
1182474688969
23653300346616
10193783583290
22236513375855
1982022676457
8354957246380
8660854764250
31047608498354
8859102030796
6197872696249
27080126723828
28350837838172
11348663163731
6311822511216
14684750239327
2233938596690
439480674832
12761962162536
6240565192243
9761322648297
721185915939
32066567154831
15551032400134
3876898102208
1095057032660
1791523885260
22233951875003
13253382961884
25970833602620
13476233289867
35294843495843
4449202880588
23888350657528
5632279131177
16854347741872
16388625427552
16875052616250
18934098676871
12948519097016
10141025656730
197429232059
12643913107587
12549769651252
25145711098973
7478954478266
8477998657312
2717668632161
680038436087
6591089333144
33874205262294
8895827514205
16009723652518
27693984793455
22630974898544
5657435042919
2737710919084
35501454862731
18520721107269
22765686863637
15301439292414
5873565572171
468775801813
647888292513
17023414173066
9631372431358
24453397192771
79842874542
21385784038232
5173143658049
9810394438749
6991160387814
3931897188432
12221016968073
4754770632877
21701600477686
5075694946407
24918202585891
10528316989333
339499271686
44064369035104
10151530816277
1425124036298
9519741138605
10449589198016
166844771308
2617316197108
2874194151091
155263646193
9601003825345
9550698826556
562802388925
929089753605
1127440435529
17469257035195
8802853858018
3735258991425
32603940690442
34580805655058
12845819403315
6419088107870
1565234916844
2364883376627
8155093839983
12989182617802
8060570148464
5512104065526
2168237771836
23041188346030
12842789059786
6068107905658
3596860833706
9360327307760
13371048972031
5578192691872
10048292536705
20542539117691
41945444333007
35613678138417
16219738955668
11197168665011
650867153791
25873164800525
454424334366
313857884233
4442346128095
27845040878341
13496180218753
14071345349251
10458160363065
8160268364585
445254127370
15693979041117
2267343026910
3452516423482
414827134169
1231200563483
12023930366425
1663869039780
4641530925441
533062154922
5556725799595
27965379414822
12209130819027
1040312577240
2461888591778
13026183170512
12613778498111
27444749196244
10879653211093
7436134278279
42638391210938
826465540408
14815805510255
6348977233953
8005561756321
3025492105730
6906182464699
18125774223860
459915201582
16776456154328
29748560953767
21688970447977
15894512076609
808874077629
23809584451165
4654836152178
674268041827
30885340763030
2677765842328
13707395587658
2782858931335
7383422439167
6768688371863
27388122100660
6738046634167
22733530185097
2003328931801
3670535102219
6093763456437
11762844105617
176572784040
4673946680772
14286843236009
15303268494251
16196241379134
11878195351450
23139192832504
1329826492080
29793218493442
6869198923850
6630787772195
4482391080181
16578057758464
650284666030
17623968517006
23561146733741
3527849806982
5103475059575
1104240105316
558078067920
32566953802469
25938013873730
11076922996363
17852307274092
14174405947879
18202434936864
19588815410019
25748667811824
277995169656
13434617488967
31063735173146
438138301775
28463938576481
6431618219286
28487943443360
16595662146256
3900161398244
1419866776387
4691692868195
25367134631083
14339390094909
851924452824
2825162079523
1497826348726
1109328923987
27165528983238
26306843925037
5630417821960
585330127150
195140816080
7755997065399
30297155641186
730879759428
12645288784654
27526515476659
8482848642993
4931326682587
4323790533781
35215196179852
15827824073744
4725483441578
1311082267270
4721160120308
3176499169498
12168621908240
4942617925509
3292675486275
9139710930589
1005249415153
14732173033420
15403547792479
8551877224537
9712219877527
5647821824670
8939415753869
4101085339113
22908324773112
8942476896446
5669727529034
31316704928773
7480337336714
753815116579
20085114365921
41298968005426
19933596495219
1273065587713
37945603415655
15112044773998
1666851323012
9646567904310
12947781855171
15847034034083
22142437296308
14107687062088
13900653978790
24386515212427
7099576346554
4919011745157
1888544272404
27444120551076
3710422919870
7914897434200
4245750692060
12476301639823
92939159433
27090371529259
9183342919281
62068771914
11851096111491
20405225751545
926761432857
11610435186189
7855328005452
1677664347255
1468123203684
15792333240573
14925594105888
10372324496592
3148329524521
1961983928457
28665581526993
10277460111260
3403144406377
4533227048444
11484606322316
9231419929319
14110587801411
11554470618466
537211301737
1186226933542
5838697998029
303805829289
10835607547393
19842646793861
15597010754238
21311555845159
2983029958971
13727912350263
6523999409175
9822463732053
3980229274154
24549500802338
14939033292553
4799307077903
38944647474139
9695250269142
2676998035305
34691659473198
27434366435749
22553817726848
6401365917966
31037697179016
16077883295720
1903955172530
4188702537222
3876986200697
15688549694528
25923502692172
36131975244218
18993794735400
4752032872292
8646490868020
29776385043476
12629143271696
9316149751707
165910634352
10382026288027
526244259639
12894443364997
4507621734721
2728987597985
9367882935266
11838004504537
3875433778491
227359571510
21862200195884
745324099779
13333421220341
30436606995057
1823186887621
11820852202652
6622849740535
6307563863607
4114019604042
2626674323838
15978500762757
2155226629528
868021042367
6212816113931
24366862496882
4964906090746
3887929464165
14440781853654
3778637980748
9740939561782
9437876548578
17155690885492
9061432532739
840280723990
2858023922906
30068979308492
36483855018932
5593415926680
1620639574842
18572287539031
13159373213598
23402074698971
4224017228106
19848278191935
975726157187
14748339043904
18832570415571
8784057064938
20232607610706
15783031612633
12781938397685
15658889189123
25320145105123
4985879336002
4570788519620
32420171104
1941753088013
13276576450863
19048108003355
22520221878161
153599646478
11294226402510
1094429753443
21369829549647
42606820973767
22742909929483
13742892613045
35207364957071
22653479585155
20451705884883
3610977078920
39065811442683
905935419106
2256640668216
12903676532762
9823987124411
18260594461000
3741133255651
8785406699676
332769743790
6552636222091
36180541417633
37693656099731
8775213764627
8253687849054
6241523829587
750445670096
17317253974248
6904392514925
18459801913490
3655160409187
10258308562083
14139967786792
909572778637
22292162473597
17056894753311
15732702835487
9164570877100
1341080071646
6255422803436
22960008550173
8065791596683
12438970332260
2599322881186
26130845600072
15404497189016
10564885198500
20942592222125
2603086294799
2279939542192
6820401967715
38661804554307
9203136438470
843182340699
19594365049752
4536399212159
20058139091658
8639729698779
13092603284188
17642557762645
8596524840060
2114144545353
4560171490019
22636032144029
24926357742954
12412531258788
498275508433
12423382637067
14039219697599
19896190495294
945286940952
4708896820715
11285003609244
16466120590718
705074823517
845357120926
5225586527438
2897794525384
5339780625912
25515923555190
6925145269301
7013415005810
27803696665032
6470447842007
12146740327624
12206375473138
27116863603368
2413445768939
6347594173152
26506259870782
7077377836272
12724079813632
22020411829713
11671890873095
3272086352021
3068112042082
963548507823
478138458086
18729389949794
7784997766050
18920730723025
3754258284255
17424278503591
17001084877866
6791023569575
15130379937799
34712805007839
120586144504
11138883941916
11013874498634
1674438683658
42341017147726
34339975350593
11817962014106
9694129662777
6414228469443
26048146927709
11349774821797
12250710594802
20474978823787
23702686750302
17467718006412
17137696188795
17304530547427
6211357956799
16637596339778
18613773082505
14128796368555
2287024036210
2245276365176
24314587151718
1972885754057
17696862873987
15879333649811
33141538413850
10274976096103
19151033819403
68776535843
28398464814858
487388898711
1130327017399
12234932529880
318979716946
21947342904182
2039090004334
5878499248495
16289845757581
17710777945940
33848488409437
26737024662152
9574212846070
15821697150302
398901359703
7627259579264
35798731577873
23291022670300
15966934982273
6625711501496
27599920168637
2018671182606
5631836834063
6065083641233
19096064221801
8958715092967
412466294570
10382391142454
2037163435805
19034505713472
2942435377455
14927515917685
5011661995623
2074821701455
2607841578142
9609826085061
11220664311030
9823183581282
6999098596778
3290207412042
6008414281947
3659868533459
144140226966
24965247433283
5736320220431
10269228856775
3514046058139
132524480081
19061256300931
163101913570
25836058519788
1430712033017
17490506042165
2155139871201
7573525503090
796041544002
8052896787119
10204749232546
959829296563
10871858077602
33764527940319
561472550670
939127430268
12955494518035
22084329859110
9166642225678
5130180761690
5587329449802
12700872547984
18499983662144
37789244212362
12924315700622
117644378292
2300692778490
23356177563892
9734727357172
24615230342317
3783564685318
2460455170711
4691442722883
188160259587
864826497049
18688677006493
11007396973408
21698973084430
22627137610804
37674407967199
42051713528584
2367550296510
21983515238048
13873714771796
6605291840766
1539993697171
12229045005559
28250331047269
21214742426106
20591061884776
5204721621802
12905809577102
2471663991507
26743163434240
11358864131378
12906356085049
4881124604103
39495591836417
16107524872348
4322369674692
9226351872760
26568471740745
11895626194822
7258364154300
3731471240605
18725696772548
13944160588151
8139671181394
3395020517148
5716147844538
5096894127993
9816909199058
14785529826474
169150684850
14997169853097
6139902526724
7336778777157
12097886147559
37317045511809
10195862915736
12030131481437
11839954975009
10649390705118
7593640316236
22776868692900
892924603719
18488605127165
16105176177942
8016438583418
32068931495698
27224068172160
14117216593547
38653958140675
901221661188
17068203810252
5823300421709
2347097478479
3237505065074
21942028697941
23352178784034
2037871329790
5801396141936
8989015979946
8102377107554
18481003692363
14297994666268
18143729722537
4151142441722
195179506860
5395762619291
24908687601173
27533380317904
5728302850956
274104862236
40760669719961
7020741254155
15821630183675
30287888196563
16338299755437
3252059758491
37530440286330
551602068644
12969990220814
7350162001736
19418097020438
8160650258664
9055707345989
23930957350629
3653066255858
13875105712483
2004798726946
1150312248642
199507719938
1711142182838
3409288492958
3953765484983
7282471509654
15012297244522
9612568105680
4811025655066
15494986580966
3116324841164
2196016715010
24560782610764
17836151567822
4360213316816
1680742893587
33755626362254
